1,495,343,172,109,0
2,495,343,172,109,0
3,495,344,172,109,0
4,495,344,172,109,0
5,495,345,172,109,0
6,493,345,172,109,0
7,492,346,172,109,0
8,491,347,172,109,0
9,490,348,172,109,0
10,489,349,172,109,0
11,488,350,172,109,0
12,487,348,172,109,0
13,487,346,172,109,0
14,487,344,172,109,0
15,487,342,172,109,0
16,487,340,172,109,0
17,485,339,172,109,0
18,483,338,172,109,0
19,482,337,172,109,0
20,480,336,172,109,0
21,479,335,172,109,0
22,479,333,172,109,0
23,480,331,172,109,0
24,480,329,172,109,0
25,481,327,172,109,0
26,481,326,172,109,0
27,482,326,172,109,0
28,483,325,172,109,0
29,484,325,172,109,0
30,485,324,172,109,0
31,486,324,172,109,0
32,487,323,172,109,0
33,488,323,172,109,0
34,489,323,172,109,0
35,488,322,172,109,0
36,487,322,172,109,0
37,486,322,172,109,0
38,485,321,172,109,0
39,484,321,172,109,0
40,483,321,172,109,0
41,482,321,172,109,0
42,481,321,172,109,0
43,481,321,172,109,0
44,480,321,172,109,0
45,480,321,172,109,0
46,479,321,172,109,0
47,479,321,172,109,0
48,478,321,172,109,0
49,478,321,172,109,0
50,478,320,172,109,0
51,478,320,172,109,0
52,478,320,172,109,0
53,478,320,172,109,0
54,478,319,172,109,0
55,478,319,172,109,0
56,478,319,172,109,0
57,478,319,172,109,0
58,478,318,172,109,0
59,478,318,172,109,0
60,478,318,172,109,0
61,478,318,172,109,0
62,479,317,172,109,0
63,480,317,172,109,0
64,482,316,172,109,0
65,483,316,172,109,0
66,485,315,172,109,0
67,486,315,172,109,0
68,488,314,172,109,0
69,489,314,172,109,0
70,491,313,172,109,0
71,492,313,172,109,0
72,494,313,172,109,0
73,495,311,172,109,0
74,496,310,172,109,0
75,497,309,172,109,0
76,498,308,172,109,0
77,499,307,172,109,0
78,500,306,172,109,0
79,501,305,172,109,0
80,502,304,172,109,0
81,501,302,172,109,0
82,501,301,172,109,0
83,500,299,172,109,0
84,500,298,172,109,0
85,499,296,172,109,0
86,499,295,172,109,0
87,498,293,172,109,0
88,498,292,172,109,0
89,498,291,172,109,0
90,497,289,172,109,0
91,496,288,172,109,0
92,495,287,172,109,0
93,494,286,172,109,0
94,493,285,172,109,0
95,492,283,172,109,0
96,491,282,172,109,0
97,490,281,172,109,0
98,489,280,172,109,0
99,489,279,172,109,0
100,487,278,172,109,0
101,486,278,172,109,0
102,484,278,172,109,0
103,483,278,172,109,0
104,481,278,172,109,0
105,480,278,172,109,0
106,479,278,172,109,0
107,477,278,172,109,0
108,476,278,172,109,0
109,474,278,172,109,0
110,473,278,172,109,0
111,472,278,172,109,0
112,470,278,172,109,0
113,469,278,172,109,0
114,467,278,172,109,0
115,466,278,172,109,0
116,465,278,172,109,0
117,464,279,172,109,0
118,463,281,172,109,0
119,462,283,172,109,0
120,461,284,172,110,0
121,461,286,171,109,0
122,460,288,171,109,0
123,459,289,171,110,0
124,458,291,171,110,0
125,458,293,171,110,0
126,459,293,171,110,0
127,460,293,171,110,0
128,461,294,171,110,0
129,462,294,171,110,0
130,463,294,171,110,0
131,464,295,171,110,0
132,465,295,171,110,0
133,466,296,171,110,0
134,467,296,171,110,0
135,468,296,171,110,0
136,469,297,171,110,0
137,470,297,171,110,0
138,471,297,171,110,0
139,472,298,171,110,0
140,473,298,171,110,0
141,474,299,171,110,0
142,476,298,171,110,0
143,479,298,171,110,0
144,482,297,171,110,0
145,485,297,171,110,0
146,488,296,171,110,0
147,491,296,171,110,0
148,494,295,171,110,0
149,497,295,171,110,0
150,500,294,171,110,0
151,503,294,171,110,0
152,506,293,171,110,0
153,509,293,171,110,0
154,512,292,171,110,0
155,515,292,171,110,0
156,518,292,171,110,0
157,521,291,171,110,0
158,525,291,171,110,0
159,529,290,171,110,0
160,532,290,171,110,0
161,536,289,171,110,0
162,540,289,171,110,0
163,544,288,171,110,0
164,547,288,171,110,0
165,551,287,171,110,0
166,555,287,171,110,0
167,559,287,171,110,0
168,563,286,171,110,0
169,567,286,171,110,0
170,571,286,171,110,0
171,575,286,171,110,0
172,580,285,171,110,0
173,584,285,171,110,0
174,588,285,171,110,0
175,592,285,171,110,0
176,596,285,171,110,0
177,601,284,171,110,0
178,605,284,171,110,0
179,609,284,171,110,0
180,613,284,171,110,0
181,618,284,171,110,0
182,619,282,171,110,0
183,621,281,171,110,0
184,623,280,171,110,0
185,625,279,171,110,0
186,627,278,171,110,0
187,628,276,171,110,0
188,630,275,171,110,0
189,632,274,171,110,0
190,634,273,171,110,0
191,636,272,171,110,0
192,637,270,171,110,0
193,638,268,171,110,0
194,639,267,172,109,0
195,640,265,172,109,0
196,642,263,171,110,0
197,643,262,172,109,0
198,644,260,172,109,0
199,645,258,172,109,0
200,647,257,172,109,0
201,646,258,172,109,0
202,646,260,172,109,0
203,646,261,171,110,0
204,646,263,171,110,0
205,646,265,171,110,0
206,645,266,171,111,0
207,645,267,171,112,0
208,644,269,172,112,0
209,644,270,172,113,0
210,643,272,172,113,0
211,643,273,172,114,0
212,642,275,173,114,0
213,642,276,173,115,0
214,641,277,174,116,0
215,641,279,173,116,0
216,640,280,174,117,0
217,640,282,174,117,0
218,639,283,175,118,0
219,639,285,175,118,0
220,638,285,175,118,0
221,638,286,175,118,0
222,638,287,175,118,0
223,637,288,175,118,0
224,637,289,175,118,0
225,637,290,175,118,0
226,636,290,175,118,0
227,636,291,175,118,0
228,636,292,175,118,0
229,635,293,175,118,0
230,635,294,175,118,0
231,635,295,175,118,0
232,635,296,175,118,0
233,634,295,175,118,0
234,633,294,175,118,0
235,632,293,175,118,0
236,631,293,175,118,0
237,630,292,175,118,0
238,629,291,175,118,0
239,628,290,175,118,0
240,627,290,175,118,0
241,626,289,175,118,0
242,625,288,175,118,0
243,624,287,175,118,0
244,623,287,175,118,0
245,622,286,175,118,0
246,621,285,175,118,0
247,620,284,175,118,0
248,619,284,175,118,0
249,619,285,175,118,0
250,619,286,175,118,0
251,619,287,175,118,0
252,619,289,175,118,0
253,620,290,175,118,0
254,620,291,175,118,0
255,620,293,175,118,0
256,620,294,175,118,0
257,620,295,175,118,0
258,621,296,175,118,0
259,621,298,175,118,0
260,621,299,175,118,0
261,621,300,175,118,0
262,622,302,175,118,0
263,622,300,176,119,0
264,622,298,178,121,0
265,622,296,180,123,0
266,622,294,182,125,0
267,622,292,184,127,0
268,620,288,187,130,0
269,618,285,190,133,0
270,616,281,194,137,0
271,614,278,197,140,0
272,612,275,200,142,0
273,610,271,204,146,0
274,608,268,207,149,0
275,607,265,210,152,0
276,603,260,215,156,0
277,599,256,220,160,0
278,595,252,225,163,0
279,591,248,230,167,0
280,587,244,235,170,0
281,583,240,240,174,0
282,579,236,245,177,0
283,575,232,251,181,0
284,576,231,255,183,0
285,578,231,258,184,0
286,580,231,262,185,0
287,582,230,265,187,0
288,584,230,268,188,0
289,586,230,272,189,0
290,584,228,275,193,0
291,582,226,279,198,0
292,580,225,283,202,0
293,578,223,287,207,0
294,576,222,291,211,0
295,574,220,295,216,0
296,572,219,299,220,0
297,569,215,303,224,0
298,567,212,307,228,0
299,564,209,312,232,0
300,562,206,316,235,0
301,559,203,321,239,0
302,557,200,325,243,0
303,555,197,329,247,0
304,551,197,336,251,0
305,548,198,342,254,0
306,544,199,350,257,0
307,541,200,356,260,0
308,538,201,363,264,0
309,537,204,363,264,0
310,537,207,363,264,0
311,537,211,363,264,0
312,536,214,363,264,0
313,536,217,363,264,0
314,536,221,363,264,0
315,535,224,363,264,0
316,535,227,363,264,0
317,535,231,363,264,0
318,535,230,363,264,0
319,535,229,363,264,0
320,536,228,363,264,0
321,536,227,363,264,0
322,537,227,363,264,0
323,537,226,363,264,0
324,538,225,363,264,0
325,538,224,363,264,0
326,539,223,363,264,0
327,539,223,363,264,0
328,540,222,363,264,0
329,540,221,363,264,0
330,541,220,363,264,0
331,541,219,363,264,0
332,542,219,363,264,0
333,542,218,363,264,0
334,543,217,363,264,0
335,543,216,363,264,0
336,544,216,363,264,0
337,545,214,363,264,0
338,547,213,363,264,0
339,548,212,363,264,0
340,550,210,363,264,0
341,551,209,363,264,0
342,553,208,363,264,0
343,554,207,363,264,0
344,556,205,363,264,0
345,557,204,363,264,0
346,559,203,363,264,0
347,560,201,363,264,0
348,562,200,363,264,0
349,563,199,363,264,0
350,565,198,363,264,0
351,564,197,363,264,0
352,564,196,363,264,0
353,564,196,363,264,0
354,564,195,363,264,0
355,564,194,363,264,0
356,563,194,363,264,0
357,563,193,363,264,0
358,563,193,363,264,0
359,563,192,363,264,0
360,563,191,363,264,0
361,562,191,363,264,0
362,562,190,363,264,0
363,562,189,363,264,0
364,562,189,363,264,0
365,562,188,363,264,0
366,562,188,363,264,0
367,558,189,364,264,0
368,554,191,365,264,0
369,551,192,365,265,0
370,547,194,366,265,0
371,544,195,366,266,0
372,540,197,367,266,0
373,536,198,368,267,0
374,533,200,368,267,0
375,529,201,369,268,0
376,526,203,369,268,0
377,522,204,370,269,0
378,519,206,371,269,0
379,513,210,371,269,0
380,507,214,371,269,0
381,502,218,371,269,0
382,496,222,371,269,0
383,490,226,371,269,0
384,485,230,371,269,0
385,479,234,371,269,0
386,473,238,371,269,0
387,468,242,371,269,0
388,462,246,371,269,0
389,456,250,371,269,0
390,451,254,371,269,0
391,452,253,371,269,0
392,453,253,371,269,0
393,454,253,371,269,0
394,455,253,371,269,0
395,456,253,371,269,0
396,457,252,371,269,0
397,459,252,371,269,0
398,460,252,371,269,0
399,461,252,371,269,0
400,462,252,371,269,0
401,463,251,371,269,0
402,464,251,371,269,0
403,465,251,371,269,0
404,467,251,371,269,0
405,468,251,371,269,0
406,469,251,371,269,0
407,470,250,371,269,0
408,471,250,371,269,0
409,472,250,371,269,0
410,473,250,371,269,0
411,475,250,371,269,0
412,476,249,371,269,0
413,477,249,371,269,0
414,478,249,371,269,0
415,479,249,371,269,0
416,480,249,371,269,0
417,482,249,371,269,0
418,482,248,371,269,0
419,483,247,371,269,0
420,484,246,371,269,0
421,485,245,371,269,0
422,486,244,371,269,0
423,487,244,371,269,0
424,487,243,371,269,0
425,488,242,371,269,0
426,489,241,371,269,0
427,490,240,371,269,0
428,491,239,371,269,0
429,492,239,371,269,0
430,492,238,371,269,0
431,493,237,371,269,0
432,494,236,371,269,0
433,495,235,371,269,0
434,496,234,371,269,0
435,497,234,371,269,0
436,496,232,371,269,0
437,496,230,371,269,0
438,496,228,371,269,0
439,496,226,371,269,0
440,496,224,371,269,0
441,495,222,371,269,0
442,495,220,371,269,0
443,495,218,371,269,0
444,495,216,371,269,0
445,495,214,371,269,0
446,495,213,371,269,0
447,494,211,371,269,0
448,494,209,371,269,0
449,494,207,371,269,0
450,494,205,371,269,0
451,494,203,371,269,0
452,493,201,371,269,0
453,493,199,371,269,0
454,493,197,371,269,0
455,493,195,371,269,0
456,493,193,371,269,0
457,493,192,371,269,0
458,492,190,371,270,0
459,491,189,371,270,0
460,491,188,370,270,0
461,490,186,370,272,0
462,489,185,371,272,0
463,489,184,370,272,0
464,488,183,370,272,0
465,487,181,370,274,0
466,487,180,369,274,0
467,486,179,370,274,0
468,485,178,370,274,0
469,485,176,369,276,0
470,484,175,369,276,0
471,483,174,369,276,0
472,483,173,369,277,0
473,482,173,369,277,0
474,481,173,369,277,0
475,481,173,369,277,0
476,480,173,369,277,0
477,480,173,369,277,0
478,479,173,369,277,0
479,479,173,369,277,0
480,478,174,369,277,0
481,477,174,369,277,0
482,477,174,369,277,0
483,476,174,369,277,0
484,476,174,369,277,0
485,475,174,369,277,0
486,475,174,369,277,0
487,474,174,369,277,0
488,474,175,369,277,0
489,474,175,369,277,0
490,474,175,369,277,0
491,474,175,369,277,0
492,475,176,369,277,0
493,475,176,369,277,0
494,475,176,369,277,0
495,475,176,369,277,0
496,476,177,369,277,0
497,476,177,369,277,0
498,476,177,369,277,0
499,477,178,369,277,0
500,477,178,369,277,0
501,477,178,369,277,0
502,477,178,369,277,0
503,478,179,369,277,0
504,478,179,369,277,0
505,478,179,369,277,0
506,479,180,369,277,0
507,479,180,369,277,0
508,479,180,369,277,0
509,479,180,369,277,0
510,480,181,369,277,0
511,480,181,369,277,0
512,480,181,369,277,0
513,481,182,369,277,0
514,482,181,369,277,0
515,484,180,369,277,0
516,486,180,369,277,0
517,488,179,369,277,0
518,490,178,369,277,0
519,491,178,369,277,0
520,493,177,369,277,0
521,495,177,369,277,0
522,497,176,369,277,0
523,499,175,369,277,0
524,501,175,369,277,0
525,502,174,369,277,0
526,504,174,369,277,0
527,506,173,369,277,0
528,508,172,369,277,0
529,510,172,369,277,0
530,512,171,369,277,0
531,513,171,369,277,0
532,515,170,369,277,0
533,517,169,369,277,0
534,519,169,369,277,0
535,521,168,369,277,0
536,523,168,369,277,0
537,527,168,369,277,0
538,531,169,369,277,0
539,535,170,369,277,0
540,539,171,369,277,0
541,543,172,369,277,0
542,547,172,369,277,0
543,551,173,369,277,0
544,555,174,369,277,0
545,559,175,369,277,0
546,563,176,369,277,0
547,567,176,369,277,0
548,571,177,369,277,0
549,575,178,369,277,0
550,579,179,369,277,0
551,583,180,369,277,0
552,588,181,369,277,0
553,587,182,369,277,0
554,587,184,369,277,0
555,587,186,369,277,0
556,586,187,369,277,0
557,586,189,369,277,0
558,586,191,369,277,0
559,585,192,369,277,0
560,585,194,369,277,0
561,585,196,369,277,0
562,584,197,369,277,0
563,584,199,369,277,0
564,584,201,369,277,0
565,583,202,369,277,0
566,583,204,369,277,0
567,583,206,369,277,0
568,582,205,369,277,0
569,582,205,369,277,0
570,581,205,369,277,0
571,581,204,369,277,0
572,581,204,369,277,0
573,580,204,369,277,0
574,580,203,369,277,0
575,580,203,369,277,0
576,579,203,369,277,0
577,579,202,369,277,0
578,578,202,369,277,0
579,578,202,369,277,0
580,578,201,369,277,0
581,577,201,369,277,0
582,577,201,369,277,0
583,577,200,369,277,0
584,576,200,369,277,0
585,576,200,369,277,0
586,576,200,369,277,0
587,572,198,369,277,0
588,568,197,369,277,0
589,564,196,369,277,0
590,560,195,369,277,0
591,557,194,369,277,0
592,553,193,369,277,0
593,549,191,369,277,0
594,545,190,369,277,0
595,542,189,369,277,0
596,538,188,369,277,0
597,534,187,369,277,0
598,530,186,369,277,0
599,527,185,369,277,0
600,524,183,368,277,0